F;0;93;
J;371;111;
RightShift;0;206;
a;468;127;
r;292;101;
@;862;116;
RightShift;0;268;
S;1293;127;
RightShift;0;297;
e;222;95;
6;779;116;
9;90;106;
:
F;0;90;
J;378;100;
RightShift;0;218;
a;399;116;
r;300;90;
@;592;95;
RightShift;0;143;
S;517;127;
RightShift;0;264;
e;232;85;
6;959;127;
9;96;95;
:
F;0;100;
J;316;106;
RightShift;0;206;
a;343;127;
r;328;84;
@;842;90;
RightShift;0;153;
S;1154;133;
RightShift;0;260;
e;223;90;
6;1529;164;
9;101;116;
:
F;0;90;
J;357;95;
RightShift;0;196;
a;366;106;
r;300;90;
@;2485;100;
RightShift;0;180;
S;399;122;
RightShift;0;234;
e;215;95;
6;718;127;
9;85;95;
:
F;0;69;
J;374;106;
RightShift;0;302;
a;371;106;
r;261;84;
@;548;95;
RightShift;0;185;
S;386;127;
RightShift;0;382;
e;421;101;
6;1144;179;
9;84;106;
:
F;0;101;
J;333;84;
RightShift;0;260;
a;324;117;
r;263;84;
@;793;101;
RightShift;0;191;
S;323;138;
RightShift;0;302;
e;335;130;
6;811;116;
9;80;106;
:
F;0;95;
J;300;106;
RightShift;0;298;
a;520;100;
r;941;79;
@;1037;90;
RightShift;0;175;
S;1231;122;
RightShift;0;710;
e;339;95;
6;741;175;
9;619;111;
:
F;0;90;
J;354;106;
RightShift;0;202;
a;399;132;
r;321;98;
@;786;107;
S;276;101;
RightShift;0;728;
e;455;95;
6;575;127;
9;79;111;
:
F;0;104;
J;663;106;
RightShift;0;207;
a;399;116;
r;275;90;
@;598;106;
RightShift;0;207;
S;718;116;
RightShift;0;202;
e;247;95;
6;419;100;
9;85;116;
:
F;0;95;
J;322;106;
RightShift;0;254;
a;392;111;
r;283;90;
@;733;95;
RightShift;0;291;
S;665;117;
RightShift;0;265;
e;286;84;
6;783;143;
9;91;116;
:
F;0;90;
J;394;122;
RightShift;0;286;
a;409;122;
r;283;90;
@;735;95;
RightShift;0;245;
S;938;111;
RightShift;0;244;
e;210;94;
6;668;106;
9;74;116;
:
F;0;101;
J;438;111;
RightShift;0;313;
a;356;117;
r;261;85;
@;611;100;
RightShift;0;191;
S;419;116;
RightShift;0;244;
e;259;86;
6;550;147;
9;125;111;
:
F;0;111;
J;314;116;
RightShift;0;254;
a;391;127;
r;309;90;
@;988;111;
RightShift;0;324;
S;364;111;
RightShift;0;212;
e;300;90;
6;497;116;
9;90;116;
:
F;0;53;
J;500;106;
RightShift;0;307;
a;420;117;
r;270;85;
@;1615;84;
RightShift;0;207;
S;473;100;
RightShift;0;212;
e;251;79;
6;689;111;
9;91;106;
:
F;0;84;
J;298;111;
RightShift;0;233;
a;420;122;
r;289;79;
@;524;101;
RightShift;0;233;
S;512;116;
RightShift;0;260;
e;319;84;
6;690;132;
9;95;106;
:
F;0;95;
J;382;116;
RightShift;0;308;
a;392;111;
r;324;74;
@;549;116;
RightShift;0;227;
S;367;116;
RightShift;0;265;
e;298;90;
6;653;159;
9;79;117;
:
F;0;111;
J;334;111;
RightShift;0;260;
a;405;132;
r;270;100;
@;410;122;
RightShift;0;313;
S;415;127;
RightShift;0;243;
e;269;101;
6;518;181;
9;79;153;
:
F;0;85;
J;301;84;
RightShift;0;279;
a;336;111;
r;256;90;
@;317;122;
RightShift;0;228;
S;435;122;
RightShift;0;301;
e;433;101;
6;593;122;
9;111;122;
:
F;0;116;
J;401;101;
RightShift;0;297;
a;370;100;
r;270;85;
@;386;106;
RightShift;0;308;
S;390;122;
RightShift;0;324;
e;276;100;
6;497;115;
9;99;90;
:
F;0;95;
J;298;100;
RightShift;0;270;
a;348;106;
r;263;79;
@;733;90;
RightShift;0;653;
S;463;111;
RightShift;0;255;
e;304;101;
6;743;132;
9;126;111;
:
F;0;90;
J;364;85;
RightShift;0;414;
a;476;111;
r;476;85;
@;566;106;
RightShift;0;366;
S;385;143;
RightShift;0;348;
e;351;100;
6;652;138;
9;79;111;
:
F;0;105;
J;456;106;
RightShift;0;238;
a;368;106;
r;279;69;
@;369;106;
RightShift;0;244;
S;364;111;
RightShift;0;239;
e;258;95;
6;418;106;
9;79;111;
:
F;0;95;
J;411;111;
RightShift;0;292;
a;452;100;
r;261;85;
@;380;100;
RightShift;0;227;
S;422;111;
RightShift;0;249;
e;239;101;
6;477;106;
9;288;90;
:
F;0;80;
J;412;106;
RightShift;0;425;
a;434;111;
r;291;85;
@;424;117;
RightShift;0;308;
S;421;127;
RightShift;0;340;
e;321;89;
6;441;95;
9;53;95;
:
F;0;101;
J;336;101;
RightShift;0;281;
a;358;117;
r;283;90;
@;794;100;
RightShift;0;191;
S;352;106;
RightShift;0;265;
e;247;96;
6;1116;100;
9;89;116;
:
F;0;89;
J;349;126;
RightShift;0;295;
a;387;100;
r;272;85;
@;368;117;
RightShift;0;308;
S;375;116;
RightShift;0;281;
e;272;95;
6;437;101;
9;129;95;
:
F;0;90;
J;305;106;
RightShift;0;334;
a;370;117;
r;278;90;
@;357;90;
RightShift;0;270;
S;374;127;
RightShift;0;212;
e;322;127;
6;458;100;
9;89;106;
:
F;0;101;
J;309;106;
RightShift;0;244;
a;742;95;
r;294;79;
@;503;127;
RightShift;0;367;
S;484;117;
RightShift;0;249;
e;320;95;
6;400;95;
9;90;111;
:
F;0;100;
J;456;110;
RightShift;0;311;
a;675;207;
r;147;138;
@;1200;127;
RightShift;0;297;
S;494;106;
RightShift;0;258;
e;220;122;
6;803;165;
9;59;134;
:
F;0;106;
J;374;112;
RightShift;0;304;
a;402;116;
r;263;100;
@;371;122;
RightShift;0;276;
S;426;137;
RightShift;0;313;
e;271;111;
6;363;106;
9;141;101;
:
F;0;122;
J;381;127;
RightShift;0;302;
a;1431;101;
r;322;69;
@;560;127;
RightShift;0;401;
S;478;132;
RightShift;0;350;
e;392;90;
6;373;106;
9;136;111;
:
F;0;84;
J;344;95;
RightShift;0;313;
a;346;122;
r;267;100;
@;576;116;
RightShift;0;297;
S;357;138;
RightShift;0;313;
e;289;111;
6;656;183;
9;74;120;
:
F;0;79;
J;410;101;
RightShift;0;223;
a;516;111;
r;283;95;
@;396;111;
RightShift;0;276;
S;335;122;
RightShift;0;223;
e;286;106;
6;301;95;
9;79;111;
:
F;0;106;
J;328;125;
RightShift;0;231;
a;349;111;
r;261;100;
@;1198;89;
RightShift;0;196;
S;644;122;
RightShift;0;339;
e;235;100;
6;724;127;
9;44;99;
:
F;0;106;
J;346;111;
RightShift;0;239;
a;421;122;
r;317;84;
@;447;122;
RightShift;0;238;
S;401;126;
RightShift;0;249;
e;335;101;
6;565;210;
9;85;119;
:
F;0;94;
J;851;105;
RightShift;0;220;
a;341;105;
r;277;47;
@;478;111;
RightShift;0;212;
S;374;122;
RightShift;0;271;
e;256;84;
6;613;111;
9;127;125;
:
F;0;100;
J;312;101;
RightShift;0;292;
a;333;115;
r;255;84;
@;480;95;
RightShift;0;170;
S;276;116;
RightShift;0;255;
e;224;95;
6;492;127;
9;74;122;
:
F;0;101;
J;343;111;
RightShift;0;217;
a;347;90;
r;311;90;
@;1269;106;
RightShift;0;191;
S;336;116;
RightShift;0;249;
e;248;85;
6;332;106;
9;116;111;
:
F;0;106;
J;571;101;
RightShift;0;217;
a;324;105;
r;255;89;
@;452;106;
RightShift;0;271;
S;354;117;
RightShift;0;191;
e;373;101;
6;386;106;
9;111;111;
:
F;0;111;
J;394;106;
RightShift;0;233;
a;314;85;
r;312;95;
@;361;106;
RightShift;0;223;
S;309;132;
RightShift;0;233;
e;298;106;
6;365;101;
9;106;106;
:
F;0;84;
J;1515;106;
RightShift;0;207;
a;378;106;
r;256;96;
@;389;138;
RightShift;0;366;
S;576;115;
RightShift;0;242;
e;361;101;
6;525;106;
9;111;116;
:
F;0;90;
J;361;111;
RightShift;0;244;
a;472;111;
r;309;85;
@;390;111;
RightShift;0;255;
S;362;133;
RightShift;0;164;
e;305;90;
6;647;100;
9;129;111;
:
F;0;79;
J;386;106;
RightShift;0;228;
a;355;111;
r;260;100;
@;403;120;
RightShift;0;216;
S;321;127;
RightShift;0;228;
e;250;101;
6;382;111;
9;139;101;
:
F;0;132;
J;664;106;
RightShift;0;302;
a;356;127;
r;286;120;
@;445;116;
RightShift;0;239;
S;326;132;
RightShift;0;265;
e;238;100;
6;358;106;
9;137;106;
:
F;0;101;
J;408;106;
RightShift;0;228;
a;439;106;
r;307;53;
@;334;111;
RightShift;0;196;
S;321;122;
RightShift;0;191;
e;271;106;
6;389;106;
9;101;106;
:
F;0;100;
J;398;106;
RightShift;0;249;
a;337;116;
r;256;84;
@;308;106;
RightShift;0;185;
S;316;116;
RightShift;0;244;
e;231;115;
6;384;122;
9;145;117;
:
F;0;79;
J;319;116;
RightShift;0;291;
a;395;90;
r;237;85;
@;362;111;
RightShift;0;270;
S;336;117;
RightShift;0;201;
e;262;95;
6;368;100;
9;95;112;
:
F;0;95;
J;319;117;
RightShift;0;263;
a;406;111;
r;294;95;
@;414;106;
RightShift;0;271;
S;340;122;
RightShift;0;223;
e;265;90;
6;406;95;
9;128;101;
:
F;0;111;
J;326;116;
RightShift;0;217;
a;342;111;
r;264;85;
@;319;120;
RightShift;0;237;
S;372;122;
RightShift;0;143;
e;232;106;
6;351;101;
9;136;116;
:
F;0;95;
J;335;111;
RightShift;0;244;
a;329;100;
r;248;90;
@;495;106;
RightShift;0;223;
S;357;111;
RightShift;0;223;
e;244;90;
6;352;95;
9;90;111;
:
F;0;105;
J;514;100;
RightShift;0;201;
a;360;106;
r;247;84;
@;317;95;
RightShift;0;169;
S;269;106;
RightShift;0;138;
e;210;85;
6;291;104;
9;93;90;
:
F;0;85;
J;322;111;
RightShift;0;181;
a;316;95;
r;234;90;
@;298;101;
RightShift;0;142;
S;264;111;
RightShift;0;169;
e;213;95;
6;338;95;
9;90;106;
:
F;0;90;
J;1290;95;
RightShift;0;196;
a;316;100;
r;250;77;
@;310;106;
RightShift;0;196;
S;306;111;
RightShift;0;143;
e;240;96;
6;322;85;
9;90;106;
:
F;0;111;
J;1490;115;
RightShift;0;162;
a;363;101;
r;243;84;
@;681;100;
RightShift;0;180;
S;783;116;
RightShift;0;153;
e;205;101;
6;650;112;
9;100;115;
:
F;0;90;
J;389;95;
RightShift;0;228;
a;307;106;
r;243;85;
@;310;101;
RightShift;0;191;
S;291;121;
RightShift;0;217;
e;246;90;
6;559;95;
9;79;117;
:
F;0;90;
J;2478;100;
RightShift;0;154;
a;336;112;
r;250;90;
@;321;106;
RightShift;0;239;
S;330;111;
RightShift;0;159;
e;225;95;
6;314;95;
9;90;116;
:
F;0;101;
J;854;90;
RightShift;0;217;
a;299;95;
r;250;69;
@;399;117;
RightShift;0;350;
S;378;116;
RightShift;0;249;
e;226;100;
6;381;100;
9;95;106;
:
F;0;96;
J;597;106;
RightShift;0;164;
a;290;111;
r;247;85;
@;342;111;
RightShift;0;196;
S;302;111;
RightShift;0;191;
e;226;95;
6;588;111;
9;100;100;
:
F;0;101;
J;330;111;
RightShift;0;228;
a;320;106;
r;256;90;
@;310;106;
RightShift;0;180;
S;296;121;
RightShift;0;154;
e;269;90;
6;424;101;
9;69;121;
:
F;0;106;
J;289;106;
RightShift;0;212;
a;302;106;
r;241;74;
@;303;101;
RightShift;0;180;
S;294;117;
RightShift;0;164;
e;227;96;
6;439;106;
9;122;101;
:
F;0;90;
J;307;100;
RightShift;0;207;
a;304;111;
r;262;84;
@;326;100;
RightShift;0;217;
S;300;116;
RightShift;0;143;
e;233;90;
6;343;111;
9;101;116;
RightShift;0;47;
:
F;0;90;
J;782;85;
RightShift;0;632;
a;329;106;
r;275;85;
@;638;100;
RightShift;0;175;
S;321;111;
RightShift;0;168;
e;210;95;
6;475;127;
9;90;117;
:
F;0;90;
J;389;100;
RightShift;0;271;
a;327;106;
r;256;90;
@;331;100;
RightShift;0;228;
S;330;116;
RightShift;0;234;
e;234;90;
6;451;132;
9;95;122;
:
F;0;95;
J;390;95;
RightShift;0;265;
a;729;106;
r;241;84;
@;424;109;
RightShift;0;253;
S;350;111;
RightShift;0;186;
e;484;106;
6;596;100;
9;85;106;
:
F;0;95;
J;370;96;
RightShift;0;260;
a;295;101;
r;256;101;
@;455;106;
RightShift;0;281;
S;1059;106;
RightShift;0;249;
e;232;85;
6;440;90;
9;106;110;
:
F;0;138;
J;363;101;
RightShift;0;287;
a;309;111;
r;272;90;
@;333;106;
RightShift;0;223;
S;330;136;
RightShift;0;179;
e;252;106;
6;470;111;
9;106;106;
:
F;0;111;
J;347;100;
RightShift;0;276;
a;295;109;
r;251;85;
@;325;106;
RightShift;0;223;
S;317;132;
RightShift;0;186;
e;240;106;
6;415;106;
9;90;106;
:
F;0;90;
J;325;101;
RightShift;0;218;
a;295;111;
r;269;95;
@;362;95;
RightShift;0;249;
S;322;111;
RightShift;0;222;
e;256;95;
6;347;96;
9;106;106;
:
F;0;95;
J;325;90;
RightShift;0;287;
a;274;116;
r;264;90;
@;331;100;
RightShift;0;223;
S;304;122;
RightShift;0;223;
e;225;100;
6;309;101;
9;106;116;
:
F;0;101;
J;370;95;
RightShift;0;228;
a;291;100;
r;258;84;
@;299;100;
RightShift;0;196;
S;307;116;
RightShift;0;228;
e;221;95;
6;481;127;
9;106;111;
:
F;0;90;
RightShift;0;435;
J;3934;95;
RightShift;0;222;
a;979;95;
RightShift;0;269;
r;2214;96;
@;1160;100;
RightShift;0;276;
S;573;111;
RightShift;0;217;
e;216;95;
6;328;90;
9;106;106;
:
F;0;95;
J;390;101;
RightShift;0;271;
a;328;111;
r;268;90;
@;346;100;
RightShift;0;212;
S;299;111;
RightShift;0;164;
e;549;111;
6;381;101;
9;148;105;
:
F;0;85;
J;381;95;
RightShift;0;228;
a;335;106;
r;256;79;
@;316;101;
RightShift;0;175;
S;306;101;
RightShift;0;175;
e;224;95;
6;333;96;
9;85;116;
:
F;0;106;
J;328;101;
RightShift;0;265;
a;321;101;
r;261;85;
@;311;100;
RightShift;0;180;
S;297;106;
RightShift;0;191;
e;210;89;
6;364;106;
9;101;116;
:
F;0;90;
J;451;117;
RightShift;0;399;
a;363;106;
r;274;90;
@;373;101;
RightShift;0;212;
S;284;117;
RightShift;0;159;
e;249;106;
6;361;101;
9;95;111;
:
F;0;84;
J;319;100;
RightShift;0;218;
a;341;74;
r;319;101;
@;494;100;
RightShift;0;244;
S;333;111;
RightShift;0;228;
e;221;90;
6;400;100;
9;111;111;
:
F;0;106;
J;321;90;
RightShift;0;207;
a;292;112;
r;253;74;
@;294;100;
RightShift;0;180;
S;284;106;
RightShift;0;186;
e;203;95;
6;562;101;
9;85;117;
:
F;0;106;
J;357;89;
RightShift;0;255;
a;344;53;
r;272;84;
@;421;101;
RightShift;0;387;
S;467;106;
RightShift;0;271;
e;211;90;
6;497;128;
9;116;106;
:
F;0;104;
J;342;100;
RightShift;0;260;
a;294;96;
r;240;74;
@;321;100;
RightShift;0;212;
S;283;116;
RightShift;0;127;
e;231;84;
6;413;85;
9;123;84;
:
F;0;100;
J;332;100;
RightShift;0;249;
a;310;111;
r;259;79;
@;303;111;
RightShift;0;222;
S;383;116;
RightShift;0;175;
e;217;90;
6;370;106;
9;100;122;
:
F;0;84;
J;318;100;
RightShift;0;228;
a;300;95;
r;273;90;
@;357;100;
RightShift;0;233;
S;298;106;
RightShift;0;228;
e;214;90;
6;353;101;
9;136;100;
:
F;0;100;
J;366;95;
RightShift;0;239;
a;302;111;
r;268;84;
@;356;101;
RightShift;0;217;
S;314;122;
RightShift;0;233;
e;275;94;
6;417;111;
9;106;106;
:
F;0;95;
J;346;101;
RightShift;0;217;
a;298;116;
r;259;79;
@;325;111;
RightShift;0;292;
S;352;116;
RightShift;0;149;
e;214;95;
6;344;104;
9;115;111;
:
F;0;95;
J;379;106;
RightShift;0;255;
a;336;84;
r;249;79;
@;338;90;
RightShift;0;212;
S;293;95;
RightShift;0;132;
e;205;96;
6;317;106;
9;90;111;
:
F;0;101;
J;419;101;
RightShift;0;213;
a;306;95;
r;230;84;
@;335;100;
RightShift;0;196;
S;276;106;
RightShift;0;143;
e;218;95;
6;294;95;
9;100;106;
:
F;0;110;
J;403;95;
RightShift;0;222;
a;303;90;
r;247;79;
@;307;106;
RightShift;0;222;
S;284;111;
RightShift;0;154;
e;225;85;
6;301;85;
9;95;95;
:
F;0;95;
J;369;100;
RightShift;0;228;
a;297;100;
r;254;79;
@;313;111;
RightShift;0;276;
S;335;111;
RightShift;0;138;
e;210;101;
6;320;95;
9;100;111;
:
F;0;95;
J;391;109;
RightShift;0;247;
a;339;111;
r;296;85;
@;316;96;
RightShift;0;207;
S;285;106;
RightShift;0;196;
e;221;85;
6;320;96;
9;90;111;
:
F;0;95;
J;325;90;
RightShift;0;192;
a;315;90;
r;261;79;
@;298;111;
RightShift;0;260;
S;307;105;
RightShift;0;138;
e;194;84;
6;1668;90;
9;95;106;
:
F;0;101;
J;305;84;
RightShift;0;228;
a;291;95;
r;237;79;
@;362;180;
RightShift;0;568;
S;1033;117;
RightShift;0;319;
e;412;101;
6;463;90;
9;175;116;
:
F;0;95;
J;342;90;
RightShift;0;248;
a;282;100;
r;224;84;
@;297;111;
RightShift;0;250;
S;324;107;
RightShift;0;164;
e;220;90;
6;320;85;
9;108;111;
:
F;0;106;
J;321;104;
RightShift;0;205;
a;308;95;
r;298;106;
@;397;100;
RightShift;0;218;
S;318;105;
RightShift;0;185;
e;238;90;
6;311;100;
9;125;106;
:
F;0;95;
J;362;95;
RightShift;0;191;
a;884;101;
r;295;74;
@;375;101;
RightShift;0;201;
S;341;111;
RightShift;0;196;
e;233;85;
6;314;98;
9;93;106;
:
F;0;90;
J;373;90;
RightShift;0;223;
a;298;96;
r;285;79;
@;379;106;
RightShift;0;228;
S;344;111;
RightShift;0;148;
e;258;79;
6;314;101;
9;90;117;
:
F;0;106;
J;328;106;
RightShift;0;276;
a;335;101;
r;265;74;
@;369;106;
RightShift;0;233;
S;380;116;
RightShift;0;164;
e;308;84;
6;558;106;
9;111;111;
:
F;0;85;
J;385;186;
RightShift;0;287;
a;983;100;
r;652;85;
@;1039;106;
RightShift;0;164;
S;362;117;
RightShift;0;207;
e;245;90;
6;514;101;
9;90;111;
:
F;0;90;
J;381;90;
RightShift;0;239;
a;333;96;
r;248;85;
@;332;111;
RightShift;0;265;
S;359;106;
RightShift;0;159;
e;244;79;
6;352;95;
9;90;117;
:
F;0;105;
J;332;100;
RightShift;0;212;
a;320;100;
r;271;85;
@;349;130;
RightShift;0;269;
S;398;138;
RightShift;0;213;
e;289;95;
6;414;101;
9;126;101;
:
F;0;80;
J;312;106;
RightShift;0;207;
a;299;117;
r;256;90;
@;348;106;
RightShift;0;212;
S;328;117;
RightShift;0;196;
e;230;95;
6;390;95;
9;111;106;
:
F;0;95;
J;408;95;
RightShift;0;279;
a;316;90;
r;257;79;
@;336;95;
RightShift;0;223;
S;335;122;
RightShift;0;250;
e;277;90;
6;320;100;
9;131;100;
:
