F;0;90;
J;273;73;
LeftShift;0;130;
a;135;81;
r;192;103;
@;2219;120;
S;476;125;
LeftShift;0;2424;
e;236;89;
6;1737;96;
9;55;73;
:
F;0;84;
J;268;82;
LeftShift;0;119;
a;135;91;
r;163;73;
@;1748;120;
LeftShift;0;382;
S;408;151;
LeftShift;0;240;
e;755;95;
6;1408;91;
9;58;78;
Return;0;103;
:
F;0;90;
J;668;88;
LeftShift;0;145;
a;160;79;
r;131;77;
@;784;117;
S;630;119;
LeftShift;0;1304;
e;365;96;
6;1042;83;
9;219;87;
:
F;0;93;
J;325;90;
LeftShift;0;127;
a;124;99;
r;157;86;
@;1547;119;
LeftShift;0;442;
S;697;144;
LeftShift;0;298;
e;1403;109;
6;1514;83;
9;56;75;
Return;0;73;
:
F;0;81;
J;312;88;
LeftShift;0;137;
a;141;87;
r;147;92;
@;2986;99;
LeftShift;0;373;
S;372;127;
LeftShift;0;181;
e;251;78;
6;1314;80;
9;60;67;
:
F;0;99;
J;283;92;
LeftShift;0;129;
a;166;88;
r;105;84;
@;1556;126;
LeftShift;0;259;
S;342;128;
LeftShift;0;185;
e;259;68;
6;1650;89;
9;74;60;
:
F;0;80;
J;272;85;
LeftShift;0;115;
a;134;84;
r;140;80;
@;1660;116;
LeftShift;0;464;
S;742;115;
LeftShift;0;225;
e;271;86;
6;1687;68;
9;13;69;
:
F;0;75;
J;249;78;
LeftShift;0;121;
a;155;89;
r;108;76;
@;578;99;
LeftShift;0;389;
S;461;116;
LeftShift;0;192;
e;247;79;
6;1512;81;
9;30;68;
:
F;0;89;
J;307;83;
LeftShift;0;130;
a;134;89;
r;139;76;
@;594;123;
LeftShift;0;366;
S;507;151;
LeftShift;0;315;
e;268;85;
6;2056;86;
9;52;70;
:
F;0;92;
J;263;74;
LeftShift;0;140;
a;149;89;
r;103;82;
@;397;103;
LeftShift;0;354;
S;1117;129;
LeftShift;0;166;
e;272;107;
6;1428;93;
9;74;66;
:
F;0;82;
J;305;83;
LeftShift;0;116;
a;152;86;
r;97;75;
@;885;108;
LeftShift;0;389;
S;429;120;
LeftShift;0;213;
e;255;85;
6;1160;75;
9;57;66;
:
F;0;84;
J;270;84;
LeftShift;0;126;
a;147;81;
r;94;71;
@;529;99;
LeftShift;0;358;
S;342;101;
LeftShift;0;169;
e;214;76;
6;1439;87;
9;74;92;
:
F;0;102;
J;288;75;
LeftShift;0;180;
a;407;76;
r;188;78;
@;386;129;
LeftShift;0;259;
S;536;127;
LeftShift;0;222;
e;546;109;
6;903;80;
9;37;77;
:
F;0;89;
J;304;82;
LeftShift;0;148;
a;141;91;
r;154;85;
@;550;108;
LeftShift;0;253;
S;541;159;
LeftShift;0;272;
e;294;87;
6;1170;77;
9;38;72;
:
F;0;89;
J;291;84;
LeftShift;0;140;
a;139;82;
r;133;79;
@;520;123;
S;401;131;
LeftShift;0;815;
e;580;101;
6;1365;81;
9;84;79;
:
F;0;86;
J;320;89;
LeftShift;0;173;
a;135;81;
r;127;75;
@;461;117;
LeftShift;0;366;
S;445;124;
LeftShift;0;198;
e;588;95;
6;998;96;
9;50;79;
:
F;0;72;
J;290;73;
LeftShift;0;159;
a;197;95;
r;97;74;
@;2595;113;
LeftShift;0;387;
S;346;120;
LeftShift;0;195;
e;266;87;
6;1050;93;
9;62;65;
:
F;0;81;
J;332;82;
LeftShift;0;149;
a;149;84;
r;134;71;
@;1059;109;
LeftShift;0;384;
S;366;91;
LeftShift;0;215;
e;475;98;
6;1490;71;
9;51;72;
:
F;0;81;
J;271;83;
LeftShift;0;122;
a;160;89;
r;117;93;
@;1122;121;
LeftShift;0;333;
S;396;122;
LeftShift;0;206;
e;241;84;
6;1229;104;
9;61;76;
:
F;0;80;
J;266;75;
LeftShift;0;135;
a;130;85;
r;143;79;
@;836;85;
LeftShift;0;671;
S;417;113;
LeftShift;0;211;
e;522;96;
6;1086;94;
9;45;70;
:
F;0;88;
J;309;80;
LeftShift;0;131;
a;119;99;
r;163;79;
@;908;117;
LeftShift;0;812;
S;451;124;
LeftShift;0;234;
e;228;80;
6;1397;87;
9;52;86;
:
F;0;92;
J;255;78;
LeftShift;0;127;
a;213;92;
r;67;72;
@;1286;111;
LeftShift;0;390;
S;638;136;
LeftShift;0;201;
e;242;86;
6;1421;74;
9;19;59;
:
F;0;74;
J;259;82;
LeftShift;0;120;
a;168;80;
r;112;74;
@;471;114;
LeftShift;0;370;
S;380;107;
LeftShift;0;202;
e;254;75;
6;1543;110;
9;156;65;
:
F;0;92;
J;272;78;
LeftShift;0;124;
a;138;84;
r;100;67;
@;441;106;
LeftShift;0;362;
S;350;117;
LeftShift;0;195;
e;225;78;
6;1105;100;
9;67;73;
:
F;0;75;
J;261;79;
LeftShift;0;121;
a;146;90;
r;171;75;
@;315;107;
S;369;135;
LeftShift;0;666;
e;505;98;
6;940;86;
9;106;75;
:
F;0;91;
J;257;85;
LeftShift;0;134;
a;170;85;
r;100;76;
@;390;98;
LeftShift;0;298;
S;438;118;
LeftShift;0;229;
e;253;82;
6;1103;84;
9;46;77;
:
F;0;83;
J;252;86;
LeftShift;0;121;
a;154;75;
r;116;73;
@;361;112;
LeftShift;0;274;
S;437;133;
LeftShift;0;234;
e;287;87;
6;1024;78;
9;57;85;
:
F;0;94;
J;252;87;
LeftShift;0;131;
a;164;83;
r;109;71;
@;345;106;
LeftShift;0;305;
S;390;123;
LeftShift;0;200;
e;242;85;
6;1034;86;
9;73;74;
:
F;0;76;
J;285;88;
LeftShift;0;117;
a;154;77;
r;95;71;
@;330;96;
LeftShift;0;271;
S;338;114;
LeftShift;0;181;
e;247;93;
6;1064;90;
9;92;75;
:
F;0;85;
J;302;90;
LeftShift;0;138;
a;133;78;
r;122;81;
@;336;95;
LeftShift;0;278;
S;333;103;
LeftShift;0;179;
e;245;83;
6;1002;71;
9;82;85;
:
F;0;87;
J;307;81;
LeftShift;0;149;
a;121;85;
r;159;76;
@;535;108;
LeftShift;0;333;
S;365;111;
LeftShift;0;189;
e;238;89;
6;807;70;
9;74;42;
:
F;0;88;
J;294;83;
LeftShift;0;159;
a;154;71;
r;78;76;
@;1641;107;
LeftShift;0;310;
S;304;115;
LeftShift;0;160;
e;219;79;
6;885;88;
9;128;82;
:
F;0;94;
J;273;91;
LeftShift;0;138;
a;132;87;
r;138;72;
@;485;118;
LeftShift;0;493;
S;660;132;
LeftShift;0;446;
e;384;110;
6;1054;90;
9;39;78;
:
F;0;87;
J;297;87;
LeftShift;0;137;
a;141;83;
r;179;77;
@;374;103;
LeftShift;0;251;
S;408;118;
LeftShift;0;231;
e;240;93;
6;1715;85;
9;44;71;
:
F;0;87;
J;297;103;
LeftShift;0;139;
a;166;85;
r;105;76;
@;1349;115;
LeftShift;0;280;
S;345;109;
LeftShift;0;170;
e;212;87;
6;895;92;
9;53;103;
:
F;0;76;
J;294;83;
LeftShift;0;134;
a;141;80;
r;123;72;
@;342;81;
LeftShift;0;259;
S;383;108;
LeftShift;0;198;
e;222;79;
6;936;100;
9;124;77;
:
F;0;81;
J;278;83;
LeftShift;0;139;
a;140;84;
r;100;71;
@;321;104;
LeftShift;0;327;
S;626;132;
LeftShift;0;460;
e;1046;93;
6;2305;88;
9;51;68;
:
F;0;78;
J;323;92;
LeftShift;0;152;
a;664;81;
r;67;82;
@;664;112;
LeftShift;0;340;
S;365;119;
LeftShift;0;190;
e;219;88;
6;1147;83;
9;55;74;
:
F;0;84;
J;262;85;
LeftShift;0;144;
a;178;88;
r;178;74;
@;389;115;
S;2908;140;
LeftShift;0;3296;
e;1628;109;
6;1123;72;
9;107;82;
:
F;0;83;
J;279;88;
LeftShift;0;132;
a;147;84;
r;90;73;
@;368;103;
LeftShift;0;350;
S;473;117;
LeftShift;0;212;
e;296;97;
6;1013;75;
9;59;65;
:
F;0;106;
J;396;86;
LeftShift;0;225;
a;303;85;
r;135;73;
@;380;96;
S;362;120;
LeftShift;0;728;
e;546;106;
6;1350;76;
9;63;75;
:
F;0;94;
J;300;90;
LeftShift;0;178;
a;204;89;
r;123;78;
@;502;124;
S;339;121;
LeftShift;0;696;
e;413;101;
6;838;82;
9;92;90;
:
F;0;93;
J;504;80;
LeftShift;0;207;
a;229;91;
r;126;75;
@;307;108;
S;230;122;
LeftShift;0;568;
e;310;94;
6;1245;84;
9;62;82;
:
F;0;79;
J;298;84;
LeftShift;0;127;
a;155;82;
r;99;68;
@;348;86;
LeftShift;0;287;
S;439;121;
LeftShift;0;251;
e;721;99;
6;935;89;
9;101;80;
:
F;0;70;
J;303;75;
LeftShift;0;113;
a;179;74;
r;69;72;
@;549;96;
LeftShift;0;440;
S;372;142;
LeftShift;0;748;
e;1020;101;
6;894;84;
9;68;81;
:
F;0;80;
J;275;89;
LeftShift;0;151;
a;150;79;
r;113;68;
@;315;100;
LeftShift;0;308;
S;424;117;
LeftShift;0;238;
e;546;94;
6;889;82;
9;102;78;
:
F;0;83;
J;284;92;
LeftShift;0;136;
a;168;75;
r;109;71;
@;329;94;
LeftShift;0;265;
S;420;138;
LeftShift;0;248;
e;481;102;
6;756;79;
9;56;78;
:
F;0;77;
J;284;76;
LeftShift;0;131;
a;387;82;
r;125;71;
@;474;89;
LeftShift;0;282;
S;350;131;
LeftShift;0;206;
e;411;99;
6;822;86;
9;66;75;
:
F;0;77;
J;275;84;
LeftShift;0;129;
a;179;78;
r;110;72;
@;341;106;
LeftShift;0;305;
S;416;129;
LeftShift;0;219;
e;327;107;
6;1707;82;
9;67;75;
:
F;0;83;
J;296;83;
LeftShift;0;153;
a;354;58;
r;221;75;
@;454;99;
LeftShift;0;369;
S;380;119;
LeftShift;0;195;
e;261;100;
6;983;83;
9;76;71;
:
F;0;88;
J;299;82;
LeftShift;0;123;
a;229;78;
r;247;72;
@;1404;111;
LeftShift;0;355;
S;1724;125;
LeftShift;0;206;
e;299;97;
6;2029;85;
9;108;73;
:
F;0;102;
J;277;86;
LeftShift;0;149;
a;172;81;
r;104;68;
@;417;108;
LeftShift;0;318;
S;726;124;
LeftShift;0;206;
e;239;77;
6;1336;72;
9;59;75;
:
F;0;93;
J;317;91;
LeftShift;0;149;
a;193;85;
r;122;76;
@;520;103;
LeftShift;0;334;
S;355;121;
LeftShift;0;202;
e;292;90;
6;1328;96;
9;74;73;
:
F;0;73;
J;284;75;
LeftShift;0;141;
a;176;74;
r;132;69;
@;384;107;
LeftShift;0;325;
S;349;112;
LeftShift;0;176;
e;224;89;
6;1000;90;
9;53;60;
:
F;0;69;
J;271;79;
LeftShift;0;132;
a;166;78;
r;116;62;
@;318;100;
LeftShift;0;290;
S;361;123;
LeftShift;0;180;
e;248;83;
6;865;104;
9;129;79;
:
F;0;80;
J;323;70;
LeftShift;0;143;
a;123;82;
r;159;69;
@;297;115;
LeftShift;0;274;
S;374;115;
LeftShift;0;191;
e;226;99;
6;1337;75;
9;53;66;
:
F;0;87;
J;301;85;
LeftShift;0;136;
a;172;75;
r;100;69;
@;349;105;
LeftShift;0;299;
S;337;115;
LeftShift;0;179;
e;244;87;
6;840;85;
9;71;53;
:
F;0;84;
J;285;97;
LeftShift;0;133;
a;138;83;
r;147;76;
@;302;113;
S;241;127;
LeftShift;0;538;
e;372;113;
6;954;77;
9;57;70;
:
F;0;78;
J;271;95;
LeftShift;0;182;
a;157;86;
r;160;75;
@;1366;111;
LeftShift;0;543;
S;382;121;
LeftShift;0;207;
e;265;82;
6;1004;87;
9;211;85;
:
F;0;72;
J;333;94;
LeftShift;0;159;
a;158;70;
r;383;86;
@;933;119;
LeftShift;0;308;
S;513;126;
LeftShift;0;364;
e;466;121;
6;874;82;
9;86;69;
:
F;0;69;
J;266;81;
LeftShift;0;125;
a;149;80;
r;117;65;
@;316;79;
LeftShift;0;269;
S;315;112;
LeftShift;0;181;
e;248;84;
6;1083;96;
9;326;80;
:
F;0;78;
J;276;86;
LeftShift;0;112;
a;200;74;
r;128;68;
@;376;95;
LeftShift;0;320;
S;490;132;
LeftShift;0;236;
e;299;110;
6;1175;87;
9;97;70;
:
F;0;67;
J;347;88;
LeftShift;0;156;
a;126;78;
r;144;70;
@;329;95;
LeftShift;0;258;
S;431;128;
LeftShift;0;229;
e;276;94;
6;1044;93;
9;126;83;
:
F;0;83;
J;631;73;
LeftShift;0;443;
a;293;79;
r;157;72;
@;283;113;
S;241;112;
LeftShift;0;511;
e;810;98;
6;886;77;
9;102;72;
:
F;0;75;
J;282;90;
LeftShift;0;135;
a;160;77;
r;129;72;
@;410;126;
LeftShift;0;314;
S;365;120;
LeftShift;0;171;
e;322;92;
6;930;122;
9;125;67;
:
F;0;76;
J;278;80;
LeftShift;0;132;
a;142;59;
r;127;66;
@;355;93;
LeftShift;0;301;
S;637;108;
LeftShift;0;189;
e;257;82;
6;897;96;
9;139;84;
:
F;0;59;
J;300;75;
LeftShift;0;148;
a;192;83;
r;117;68;
@;381;113;
LeftShift;0;300;
S;472;117;
LeftShift;0;264;
e;277;69;
6;960;91;
9;82;76;
:
F;0;89;
J;280;77;
LeftShift;0;128;
a;152;80;
r;126;65;
@;864;112;
LeftShift;0;346;
S;336;110;
LeftShift;0;186;
e;246;87;
6;827;84;
9;251;72;
:
F;0;85;
J;323;88;
LeftShift;0;155;
a;159;83;
r;177;69;
@;315;105;
LeftShift;0;288;
S;322;129;
LeftShift;0;197;
e;231;99;
6;869;81;
9;74;66;
:
F;0;82;
J;330;79;
LeftShift;0;152;
a;140;75;
r;184;69;
@;708;94;
LeftShift;0;584;
S;373;137;
LeftShift;0;211;
e;255;93;
6;1520;65;
9;66;72;
:
F;0;84;
J;332;79;
LeftShift;0;199;
a;202;99;
r;189;94;
@;446;122;
LeftShift;0;278;
S;331;124;
LeftShift;0;178;
e;222;88;
6;1372;72;
9;56;67;
:
F;0;84;
J;343;79;
LeftShift;0;147;
a;326;55;
r;112;70;
@;394;96;
LeftShift;0;305;
S;315;100;
LeftShift;0;172;
e;222;85;
6;945;85;
9;93;61;
:
F;0;82;
J;339;83;
LeftShift;0;180;
a;120;86;
r;187;84;
@;353;105;
LeftShift;0;297;
S;318;116;
LeftShift;0;172;
e;225;83;
6;862;81;
9;92;72;
:
F;0;93;
J;344;70;
LeftShift;0;162;
a;125;84;
r;172;86;
@;369;105;
LeftShift;0;286;
S;1048;112;
LeftShift;0;180;
e;753;82;
6;1164;75;
9;41;71;
:
F;0;75;
J;308;71;
LeftShift;0;131;
a;160;99;
r;200;101;
@;482;89;
LeftShift;0;280;
S;860;122;
LeftShift;0;151;
e;727;97;
6;784;91;
9;175;76;
:
F;0;88;
J;298;76;
LeftShift;0;126;
a;144;86;
r;194;90;
@;880;92;
LeftShift;0;195;
S;2158;114;
LeftShift;0;151;
e;499;113;
6;918;53;
9;65;75;
:
F;0;89;
J;416;83;
LeftShift;0;185;
a;157;87;
r;191;80;
@;424;95;
LeftShift;0;271;
S;338;123;
LeftShift;0;169;
e;240;85;
6;864;84;
9;71;68;
:
F;0;77;
J;302;70;
LeftShift;0;108;
a;124;89;
r;180;88;
@;403;82;
LeftShift;0;245;
S;318;125;
LeftShift;0;173;
e;371;91;
6;1385;88;
9;90;61;
:
F;0;86;
J;308;75;
LeftShift;0;133;
a;112;93;
r;182;87;
@;475;116;
LeftShift;0;338;
S;2099;112;
LeftShift;0;211;
e;237;88;
6;991;91;
9;87;68;
:
F;0;73;
J;285;82;
LeftShift;0;128;
a;116;86;
r;197;74;
@;1599;109;
LeftShift;0;304;
S;475;119;
LeftShift;0;171;
e;343;108;
6;842;87;
9;56;65;
:
F;0;83;
J;351;76;
LeftShift;0;154;
a;138;98;
r;218;83;
@;619;122;
LeftShift;0;272;
S;1802;132;
LeftShift;0;335;
e;429;104;
6;992;99;
9;77;46;
:
F;0;85;
J;332;81;
LeftShift;0;138;
a;132;92;
r;238;80;
@;389;122;
LeftShift;0;309;
S;728;137;
LeftShift;0;203;
e;268;81;
6;1834;94;
9;97;64;
:
F;0;77;
J;317;79;
LeftShift;0;136;
a;160;90;
r;230;78;
@;463;105;
LeftShift;0;249;
S;587;135;
LeftShift;0;272;
e;424;93;
6;817;96;
9;85;71;
:
F;0;91;
J;329;89;
LeftShift;0;147;
a;152;79;
r;158;76;
@;492;128;
LeftShift;0;414;
S;1408;123;
LeftShift;0;166;
e;857;93;
6;1557;82;
9;75;65;
:
F;0;86;
J;299;82;
LeftShift;0;130;
a;120;76;
r;162;71;
@;398;110;
LeftShift;0;346;
S;399;126;
LeftShift;0;209;
e;311;95;
6;764;87;
9;47;70;
:
F;0;70;
J;393;85;
LeftShift;0;224;
a;129;98;
r;200;75;
@;394;108;
LeftShift;0;296;
S;367;106;
LeftShift;0;188;
e;294;88;
6;879;80;
9;86;75;
:
F;0;90;
J;518;79;
LeftShift;0;145;
a;160;72;
r;126;70;
@;422;112;
LeftShift;0;337;
S;386;124;
LeftShift;0;222;
e;308;83;
6;1164;76;
9;70;71;
:
F;0;78;
J;289;74;
LeftShift;0;154;
a;138;83;
r;174;78;
@;390;84;
LeftShift;0;276;
S;322;105;
LeftShift;0;179;
e;245;76;
6;982;85;
9;227;70;
:
F;0;89;
J;315;75;
LeftShift;0;142;
a;106;90;
r;159;80;
@;762;106;
LeftShift;0;611;
S;2060;129;
LeftShift;0;219;
e;384;99;
6;1247;100;
9;111;71;
:
F;0;79;
J;303;78;
LeftShift;0;156;
a;118;98;
r;191;79;
@;341;113;
LeftShift;0;255;
S;316;118;
LeftShift;0;194;
e;299;94;
6;1133;79;
9;96;53;
:
F;0;89;
J;278;83;
LeftShift;0;127;
a;132;90;
r;183;79;
@;375;98;
LeftShift;0;277;
S;318;124;
LeftShift;0;187;
e;234;89;
6;924;83;
9;82;60;
:
F;0;79;
J;308;72;
LeftShift;0;134;
a;114;97;
r;189;92;
@;380;94;
LeftShift;0;265;
S;318;109;
LeftShift;0;171;
e;232;82;
6;785;80;
9;78;66;
:
F;0;72;
J;344;71;
LeftShift;0;188;
a;152;86;
r;204;82;
@;348;100;
LeftShift;0;262;
S;328;124;
LeftShift;0;187;
e;224;85;
6;804;86;
9;83;57;
:
F;0;82;
J;516;75;
LeftShift;0;144;
a;460;101;
r;203;82;
@;568;105;
LeftShift;0;248;
S;1432;123;
LeftShift;0;193;
e;273;102;
6;730;103;
9;174;79;
:
F;0;87;
J;339;76;
LeftShift;0;121;
a;145;84;
r;166;86;
@;425;96;
LeftShift;0;280;
S;392;133;
LeftShift;0;296;
e;347;110;
6;1645;77;
9;72;66;
:
F;0;99;
J;304;71;
LeftShift;0;142;
a;556;87;
r;339;102;
@;696;118;
S;512;125;
LeftShift;0;1017;
e;397;117;
6;854;82;
9;70;84;
:
F;0;88;
J;282;79;
LeftShift;0;118;
a;136;106;
r;200;93;
@;394;169;
S;312;122;
LeftShift;0;621;
e;316;110;
6;835;71;
9;72;67;
:
F;0;74;
J;301;69;
LeftShift;0;173;
a;174;110;
r;213;82;
@;350;109;
LeftShift;0;269;
S;363;107;
LeftShift;0;180;
e;235;90;
6;740;90;
9;136;74;
:
F;0;95;
J;374;76;
LeftShift;0;187;
a;194;100;
r;219;85;
@;370;115;
LeftShift;0;299;
S;485;139;
LeftShift;0;207;
e;3007;97;
6;816;86;
9;69;80;
:
F;0;71;
J;266;77;
LeftShift;0;135;
a;181;102;
r;216;79;
@;403;72;
LeftShift;0;260;
S;392;142;
LeftShift;0;200;
e;299;105;
6;628;80;
9;134;66;
:
