F;0;101;
J;129;89;
RightShift;0;153;
a;124;96;
r;101;97;
@;193;97;
RightShift;0;199;
S;370;119;
RightShift;0;180;
e;195;106;
6;361;115;
9;81;100;
Return;0;99;
:
F;0;95;
J;120;89;
RightShift;0;150;
a;103;68;
r;83;113;
@;312;113;
RightShift;0;181;
S;298;93;
RightShift;0;141;
e;165;78;
6;328;121;
9;95;126;
:
F;0;75;
J;102;83;
RightShift;0;132;
a;95;74;
r;111;83;
@;173;83;
RightShift;0;158;
S;229;88;
RightShift;0;133;
e;155;89;
6;306;116;
9;97;89;
:
F;0;88;
J;149;90;
RightShift;0;160;
a;110;98;
r;103;71;
@;160;83;
RightShift;0;182;
S;219;101;
RightShift;0;139;
e;167;111;
6;487;95;
9;82;109;
:
F;0;101;
J;171;83;
RightShift;0;154;
a;130;114;
r;134;100;
@;272;96;
RightShift;0;199;
S;986;89;
RightShift;0;182;
e;151;86;
6;374;130;
9;119;92;
:
F;0;80;
J;200;89;
RightShift;0;226;
a;365;109;
r;102;116;
@;442;93;
RightShift;0;151;
S;315;94;
RightShift;0;131;
e;148;89;
6;417;120;
9;108;85;
:
F;0;85;
J;157;80;
RightShift;0;126;
a;83;98;
r;108;95;
@;230;96;
RightShift;0;177;
S;264;98;
RightShift;0;130;
e;215;94;
6;318;107;
9;76;76;
:
F;0;79;
J;180;60;
RightShift;0;130;
a;84;104;
r;95;84;
@;181;77;
RightShift;0;155;
S;183;102;
RightShift;0;121;
e;133;112;
6;465;103;
9;54;84;
:
F;0;92;
J;137;79;
RightShift;0;149;
a;128;89;
r;96;85;
@;196;97;
RightShift;0;137;
S;819;86;
RightShift;0;138;
e;131;98;
6;262;136;
9;218;89;
:
F;0;96;
J;141;68;
RightShift;0;149;
a;96;87;
r;78;88;
@;201;69;
RightShift;0;131;
S;165;85;
RightShift;0;115;
e;130;94;
6;223;136;
9;141;94;
:
F;0;94;
J;144;86;
RightShift;0;129;
a;133;109;
r;129;101;
@;244;97;
RightShift;0;170;
S;306;88;
RightShift;0;133;
e;150;79;
6;208;124;
9;95;86;
:
F;0;104;
J;156;64;
RightShift;0;136;
a;108;65;
r;204;106;
@;210;88;
RightShift;0;202;
S;288;105;
RightShift;0;154;
e;141;92;
6;217;96;
9;67;84;
:
F;0;82;
J;163;60;
RightShift;0;131;
a;97;86;
r;98;98;
@;202;98;
RightShift;0;181;
S;259;95;
RightShift;0;109;
e;154;99;
6;211;129;
9;114;68;
:
F;0;86;
J;134;80;
RightShift;0;135;
a;110;80;
r;116;91;
@;182;83;
RightShift;0;157;
S;184;84;
RightShift;0;120;
e;127;94;
6;186;116;
9;91;89;
:
F;0;84;
J;163;76;
RightShift;0;120;
a;93;95;
r;99;90;
@;194;73;
RightShift;0;122;
S;172;79;
RightShift;0;117;
e;98;121;
6;191;111;
9;66;79;
:
F;0;90;
J;160;74;
RightShift;0;134;
a;111;89;
r;96;79;
@;156;77;
RightShift;0;139;
S;189;109;
RightShift;0;123;
e;114;99;
6;181;113;
9;101;84;
:
F;0;84;
J;146;72;
RightShift;0;123;
a;104;93;
r;76;99;
@;186;56;
RightShift;0;129;
S;172;88;
RightShift;0;113;
e;115;102;
6;203;139;
9;113;84;
:
F;0;95;
J;178;75;
RightShift;0;125;
a;112;70;
r;83;92;
@;168;83;
RightShift;0;128;
S;224;85;
RightShift;0;135;
e;100;101;
6;198;105;
9;64;88;
:
F;0;84;
J;120;80;
RightShift;0;126;
a;102;79;
r;87;93;
@;177;92;
RightShift;0;134;
S;171;105;
RightShift;0;116;
e;139;97;
6;170;122;
9;75;84;
:
F;0;82;
J;131;71;
RightShift;0;134;
a;102;94;
r;97;91;
@;179;79;
RightShift;0;148;
S;173;101;
RightShift;0;126;
e;106;120;
6;193;122;
9;145;92;
:
F;0;83;
J;114;79;
RightShift;0;123;
a;97;67;
r;71;86;
@;173;79;
RightShift;0;135;
S;173;117;
RightShift;0;112;
e;99;118;
6;198;125;
9;96;79;
:
F;0;83;
J;140;73;
RightShift;0;137;
a;106;103;
r;109;88;
@;190;69;
RightShift;0;131;
S;154;108;
RightShift;0;115;
e;119;93;
6;173;117;
9;72;83;
:
F;0;79;
J;136;92;
RightShift;0;134;
a;92;82;
r;67;85;
@;184;71;
RightShift;0;131;
S;173;79;
RightShift;0;113;
e;92;102;
6;196;107;
9;68;76;
:
F;0;89;
J;155;78;
RightShift;0;107;
a;82;66;
r;77;82;
@;188;78;
RightShift;0;140;
S;175;85;
RightShift;0;120;
e;108;98;
6;179;112;
9;59;86;
:
F;0;104;
J;142;67;
RightShift;0;139;
a;107;74;
r;78;68;
@;161;67;
RightShift;0;139;
S;144;101;
RightShift;0;122;
e;115;93;
6;161;105;
9;55;89;
:
F;0;83;
RightShift;0;138;
J;530;71;
RightShift;0;141;
a;112;59;
r;68;84;
@;182;71;
RightShift;0;136;
S;163;106;
RightShift;0;101;
e;99;102;
6;174;98;
9;27;82;
:
F;0;81;
J;119;78;
RightShift;0;134;
a;108;61;
r;53;85;
@;199;82;
RightShift;0;137;
S;199;97;
RightShift;0;115;
e;90;101;
6;164;117;
9;54;71;
:
F;0;79;
J;131;77;
RightShift;0;133;
a;129;66;
r;60;87;
RightShift;0;120;
@;486;69;
RightShift;0;222;
S;344;96;
RightShift;0;115;
e;111;93;
6;168;107;
9;64;85;
:
F;0;100;
J;150;76;
RightShift;0;150;
a;106;95;
r;88;93;
@;169;79;
RightShift;0;129;
S;205;99;
RightShift;0;123;
e;82;107;
6;166;122;
9;54;94;
:
F;0;80;
J;109;74;
RightShift;0;130;
a;109;79;
r;90;89;
@;165;74;
RightShift;0;134;
S;180;96;
RightShift;0;117;
e;87;97;
6;156;107;
9;33;88;
:
F;0;110;
J;145;67;
RightShift;0;109;
a;94;88;
r;106;94;
RightShift;0;198;
@;547;71;
RightShift;0;173;
S;234;89;
RightShift;0;122;
e;96;102;
6;181;99;
9;74;67;
:
F;0;76;
J;140;61;
RightShift;0;113;
a;91;85;
r;77;97;
@;254;92;
RightShift;0;162;
S;255;85;
RightShift;0;106;
e;76;104;
6;174;111;
9;67;78;
:
F;0;86;
RightShift;0;134;
J;469;79;
RightShift;0;142;
a;119;75;
r;67;94;
@;202;91;
RightShift;0;160;
S;218;93;
RightShift;0;125;
e;100;93;
6;169;107;
9;65;89;
:
F;0;83;
J;149;82;
RightShift;0;119;
a;129;91;
r;103;95;
@;201;89;
RightShift;0;173;
S;180;100;
RightShift;0;126;
e;107;106;
6;178;112;
9;72;88;
:
F;0;87;
J;118;81;
RightShift;0;133;
a;112;84;
r;88;88;
@;182;81;
RightShift;0;134;
S;161;87;
RightShift;0;127;
e;104;101;
6;173;121;
9;82;79;
:
F;0;80;
J;92;70;
RightShift;0;133;
a;115;79;
r;82;74;
@;185;76;
RightShift;0;144;
S;161;92;
RightShift;0;106;
e;81;116;
6;163;116;
9;55;88;
:
F;0;82;
J;105;89;
RightShift;0;127;
a;115;94;
r;114;107;
@;222;84;
RightShift;0;194;
S;236;81;
RightShift;0;119;
e;72;98;
6;167;114;
9;65;93;
:
F;0;84;
J;125;89;
RightShift;0;132;
a;119;97;
r;57;108;
@;185;83;
RightShift;0;141;
S;163;112;
RightShift;0;117;
e;472;143;
6;293;113;
9;86;90;
:
F;0;85;
J;140;83;
RightShift;0;125;
a;106;85;
r;95;74;
@;212;67;
RightShift;0;137;
S;193;91;
RightShift;0;134;
e;108;106;
6;176;106;
9;32;98;
:
F;0;102;
J;155;61;
RightShift;0;133;
a;129;85;
r;72;84;
@;198;79;
RightShift;0;138;
S;198;103;
RightShift;0;120;
e;82;112;
6;165;113;
9;60;66;
:
F;0;89;
J;143;81;
RightShift;0;120;
a;123;79;
r;86;88;
@;207;71;
RightShift;0;134;
S;153;102;
RightShift;0;114;
e;92;106;
6;168;101;
9;40;78;
:
F;0;88;
J;103;85;
RightShift;0;130;
a;105;86;
r;78;86;
@;190;69;
RightShift;0;139;
S;184;98;
RightShift;0;112;
e;100;103;
6;155;107;
9;38;76;
:
F;0;76;
J;122;82;
RightShift;0;142;
a;114;88;
r;64;91;
@;227;77;
RightShift;0;141;
S;177;83;
RightShift;0;111;
e;94;98;
6;162;94;
9;42;70;
:
F;0;99;
J;136;87;
RightShift;0;152;
a;113;78;
r;104;79;
@;165;67;
RightShift;0;116;
S;158;89;
RightShift;0;110;
e;103;96;
6;168;89;
9;62;74;
:
F;0;80;
J;113;77;
RightShift;0;137;
a;116;65;
r;69;88;
@;174;63;
RightShift;0;121;
S;196;79;
RightShift;0;131;
e;91;107;
6;163;102;
9;39;70;
:
F;0;86;
J;100;71;
RightShift;0;111;
a;112;80;
r;84;77;
@;182;64;
RightShift;0;128;
S;168;75;
RightShift;0;121;
e;106;85;
6;148;94;
9;36;75;
:
F;0;86;
J;108;77;
RightShift;0;119;
a;93;66;
r;56;74;
@;195;59;
RightShift;0;129;
S;141;119;
RightShift;0;129;
e;98;108;
6;177;80;
9;60;78;
:
F;0;79;
J;98;77;
RightShift;0;142;
a;96;84;
r;91;89;
@;177;72;
RightShift;0;126;
S;172;99;
RightShift;0;122;
e;69;139;
6;173;117;
9;64;72;
:
F;0;75;
J;137;59;
RightShift;0;137;
a;95;83;
r;96;80;
@;173;66;
RightShift;0;116;
S;190;90;
RightShift;0;133;
e;78;120;
6;159;111;
9;58;81;
:
F;0;73;
J;91;79;
RightShift;0;139;
a;112;75;
r;78;87;
@;189;71;
RightShift;0;107;
S;153;91;
RightShift;0;115;
e;76;111;
6;249;80;
9;46;76;
:
F;0;85;
J;141;82;
RightShift;0;114;
a;86;70;
r;74;87;
@;198;69;
RightShift;0;120;
S;187;78;
RightShift;0;134;
e;84;103;
6;143;98;
9;28;76;
:
F;0;88;
J;139;66;
RightShift;0;110;
a;86;103;
r;59;95;
@;196;75;
RightShift;0;104;
S;179;83;
RightShift;0;132;
e;72;99;
6;153;88;
9;30;81;
:
F;0;102;
J;106;66;
RightShift;0;128;
a;136;91;
r;121;99;
@;184;88;
RightShift;0;126;
S;192;97;
RightShift;0;108;
e;67;107;
6;156;103;
9;36;84;
:
F;0;89;
J;175;82;
RightShift;0;153;
a;131;97;
r;127;83;
@;189;70;
RightShift;0;128;
S;217;89;
RightShift;0;122;
e;73;102;
6;203;107;
9;95;83;
:
F;0;85;
J;184;74;
RightShift;0;129;
a;100;100;
r;107;80;
@;218;81;
RightShift;0;136;
S;164;103;
RightShift;0;114;
e;84;108;
6;193;105;
9;63;74;
:
F;0;110;
J;129;69;
RightShift;0;130;
a;94;94;
r;106;90;
@;177;79;
RightShift;0;126;
S;150;101;
RightShift;0;110;
e;75;101;
6;180;112;
9;53;85;
:
F;0;113;
J;138;52;
RightShift;0;144;
a;94;66;
r;105;94;
@;197;77;
RightShift;0;129;
S;163;95;
RightShift;0;106;
e;86;106;
6;200;57;
9;20;88;
:
F;0;74;
J;102;66;
RightShift;0;120;
a;86;72;
r;87;74;
@;144;67;
RightShift;0;99;
S;165;96;
RightShift;0;109;
e;73;111;
6;166;104;
9;54;82;
:
F;0;104;
J;163;54;
RightShift;0;116;
a;78;71;
r;235;82;
@;161;88;
RightShift;0;136;
S;217;87;
RightShift;0;131;
e;65;123;
6;179;104;
9;59;67;
:
F;0;84;
J;127;69;
RightShift;0;111;
a;83;68;
r;71;84;
@;173;66;
RightShift;0;92;
S;166;93;
RightShift;0;112;
e;62;103;
6;174;104;
9;62;79;
:
F;0;86;
J;154;75;
RightShift;0;146;
a;112;84;
r;108;90;
@;178;62;
RightShift;0;106;
S;156;83;
RightShift;0;111;
e;71;104;
6;162;106;
9;69;83;
:
F;0;89;
J;109;75;
RightShift;0;143;
a;93;100;
r;106;80;
@;172;85;
RightShift;0;106;
S;150;104;
RightShift;0;100;
e;59;117;
6;164;101;
9;62;66;
:
F;0;105;
J;131;71;
RightShift;0;116;
a;99;80;
r;101;87;
@;184;79;
RightShift;0;93;
S;189;89;
RightShift;0;101;
e;69;144;
6;198;117;
9;69;86;
:
F;0;76;
J;108;67;
RightShift;0;115;
a;93;86;
r;98;78;
@;173;84;
RightShift;0;193;
S;636;99;
RightShift;0;122;
e;81;127;
6;206;101;
9;39;89;
:
F;0;85;
J;142;54;
RightShift;0;101;
a;133;98;
r;89;97;
@;225;70;
RightShift;0;115;
S;183;91;
RightShift;0;122;
e;77;116;
6;167;95;
9;40;82;
:
F;0;83;
J;94;73;
RightShift;0;122;
a;125;53;
r;43;99;
@;310;102;
RightShift;0;179;
S;203;93;
RightShift;0;108;
e;63;129;
6;168;108;
9;59;90;
:
F;0;111;
J;125;75;
RightShift;0;127;
a;111;104;
r;108;89;
@;178;87;
RightShift;0;73;
S;173;104;
RightShift;0;114;
e;49;126;
6;173;101;
9;59;78;
:
F;0;81;
J;133;77;
RightShift;0;121;
a;94;95;
r;75;87;
@;206;94;
RightShift;0;206;
S;559;97;
RightShift;0;153;
e;173;105;
6;174;107;
9;59;90;
:
F;0;97;
J;148;75;
RightShift;0;128;
a;114;89;
r;96;92;
@;220;85;
RightShift;0;139;
S;177;93;
RightShift;0;111;
e;63;131;
6;202;122;
9;87;84;
:
F;0;90;
J;140;74;
RightShift;0;135;
a;127;52;
r;63;90;
@;211;70;
RightShift;0;125;
S;197;79;
RightShift;0;121;
e;82;105;
6;159;94;
9;47;74;
:
F;0;80;
J;166;77;
RightShift;0;138;
a;117;61;
r;85;89;
@;195;62;
RightShift;0;117;
S;166;84;
RightShift;0;113;
e;67;126;
6;181;113;
9;63;79;
:
F;0;109;
J;133;78;
RightShift;0;133;
a;123;97;
r;153;103;
@;207;95;
RightShift;0;140;
S;181;132;
RightShift;0;131;
e;91;139;
6;171;111;
9;103;100;
:
F;0;84;
J;157;66;
RightShift;0;122;
a;111;90;
r;99;84;
@;213;98;
RightShift;0;150;
S;202;91;
RightShift;0;117;
e;82;100;
6;155;91;
9;39;75;
:
F;0;80;
J;142;69;
RightShift;0;131;
a;121;69;
r;61;94;
@;191;72;
RightShift;0;130;
S;182;90;
RightShift;0;117;
e;77;97;
6;133;99;
9;73;74;
:
F;0;94;
J;151;77;
RightShift;0;126;
a;120;67;
r;75;96;
@;199;71;
RightShift;0;111;
S;150;103;
RightShift;0;109;
e;77;111;
6;171;106;
9;67;93;
:
F;0;72;
J;117;69;
RightShift;0;110;
a;120;78;
r;69;96;
@;220;73;
RightShift;0;116;
S;168;93;
RightShift;0;108;
e;63;129;
6;168;101;
9;67;71;
:
F;0;87;
J;114;79;
RightShift;0;125;
a;140;66;
r;76;92;
@;215;73;
RightShift;0;135;
S;159;117;
RightShift;0;111;
e;98;101;
6;158;107;
9;69;78;
:
F;0;89;
J;149;78;
RightShift;0;110;
a;133;77;
r;94;94;
@;227;84;
RightShift;0;128;
S;164;119;
RightShift;0;121;
e;85;106;
6;166;111;
9;59;79;
:
F;0;94;
J;158;56;
RightShift;0;113;
a;121;94;
r;144;103;
@;244;81;
RightShift;0;133;
S;187;95;
RightShift;0;116;
e;70;121;
6;173;107;
9;53;86;
:
F;0;87;
J;155;69;
RightShift;0;102;
a;87;99;
r;105;87;
@;154;87;
RightShift;0;112;
S;211;106;
RightShift;0;114;
e;62;118;
6;179;101;
9;58;69;
:
F;0;84;
J;150;68;
RightShift;0;122;
a;115;69;
r;83;105;
@;170;67;
RightShift;0;116;
S;163;94;
RightShift;0;117;
e;69;122;
6;171;103;
9;36;86;
:
F;0;96;
J;146;64;
RightShift;0;124;
a;124;67;
r;87;81;
RightShift;0;108;
@;503;78;
RightShift;0;146;
S;241;90;
RightShift;0;133;
e;110;102;
6;159;108;
9;52;78;
:
F;0;89;
J;136;69;
RightShift;0;112;
a;94;83;
r;89;86;
@;157;76;
RightShift;0;121;
S;270;70;
RightShift;0;127;
e;53;112;
6;167;96;
9;38;82;
:
F;0;94;
J;125;90;
RightShift;0;127;
a;142;103;
r;92;110;
@;211;79;
RightShift;0;124;
S;165;102;
RightShift;0;111;
e;78;100;
6;150;93;
9;31;93;
:
F;0;84;
J;149;80;
RightShift;0;113;
a;147;61;
r;49;117;
@;480;83;
RightShift;0;240;
S;203;93;
RightShift;0;121;
e;73;131;
6;212;103;
9;45;98;
:
F;0;98;
J;132;69;
RightShift;0;110;
a;96;86;
r;78;93;
@;193;76;
RightShift;0;125;
S;173;85;
RightShift;0;117;
e;67;124;
6;164;102;
9;39;94;
:
F;0;89;
J;156;55;
RightShift;0;143;
a;78;102;
r;70;83;
RightShift;0;328;
@;740;78;
RightShift;0;145;
S;170;87;
RightShift;0;109;
e;60;129;
6;180;96;
9;45;79;
:
F;0;91;
J;150;74;
RightShift;0;128;
a;104;82;
r;69;96;
@;298;81;
RightShift;0;182;
S;196;89;
RightShift;0;116;
e;99;99;
6;172;104;
9;42;91;
:
F;0;80;
J;127;74;
RightShift;0;117;
a;89;76;
r;87;78;
@;179;77;
RightShift;0;136;
S;174;79;
RightShift;0;106;
e;59;119;
6;173;101;
9;40;82;
:
F;0;94;
J;133;74;
RightShift;0;121;
a;111;57;
r;60;88;
@;202;80;
RightShift;0;124;
S;157;96;
RightShift;0;128;
e;71;120;
6;187;112;
9;55;79;
:
F;0;90;
J;118;78;
RightShift;0;125;
a;107;83;
r;96;89;
@;184;69;
RightShift;0;120;
S;159;91;
RightShift;0;113;
e;76;105;
6;164;87;
9;40;80;
:
F;0;90;
J;144;70;
RightShift;0;105;
a;105;84;
r;74;97;
@;226;62;
RightShift;0;111;
S;143;96;
RightShift;0;123;
e;76;93;
6;148;91;
9;61;78;
:
F;0;92;
J;115;76;
RightShift;0;131;
a;106;95;
r;86;107;
@;218;66;
RightShift;0;131;
S;137;108;
RightShift;0;109;
e;73;112;
6;147;93;
9;44;88;
:
F;0;89;
J;128;79;
RightShift;0;120;
a;95;72;
r;77;94;
@;175;77;
RightShift;0;130;
S;151;100;
RightShift;0;117;
e;69;115;
6;156;95;
9;42;89;
:
F;0;95;
J;154;78;
RightShift;0;123;
a;93;88;
r;60;111;
@;177;75;
RightShift;0;139;
S;267;93;
RightShift;0;141;
e;87;93;
6;144;97;
9;40;79;
:
F;0;82;
J;148;66;
RightShift;0;124;
a;95;87;
r;95;83;
@;182;73;
RightShift;0;113;
S;156;95;
RightShift;0;110;
e;66;109;
6;148;99;
9;28;77;
:
F;0;85;
J;131;72;
RightShift;0;113;
a;91;68;
r;83;80;
@;191;65;
RightShift;0;129;
S;224;72;
RightShift;0;121;
e;41;135;
6;190;103;
9;67;43;
:
F;0;90;
J;173;75;
RightShift;0;135;
a;110;107;
r;123;102;
@;232;71;
RightShift;0;108;
S;167;102;
RightShift;0;129;
e;72;112;
6;155;102;
9;21;87;
:
F;0;88;
J;140;75;
RightShift;0;133;
a;114;92;
r;100;95;
@;180;96;
RightShift;0;129;
S;174;93;
RightShift;0;116;
e;63;130;
6;159;104;
9;38;83;
:
F;0;101;
J;172;70;
RightShift;0;134;
a;127;98;
r;80;117;
@;402;99;
RightShift;0;187;
S;209;95;
RightShift;0;126;
e;62;135;
6;171;103;
9;48;85;
:
